function [clr] = LoadPlotlyColors()

clr.my_grey = [245 245 245]/255;
clr.muted_blue = [31, 119, 180]/255;
clr.safety_orange = [255, 127, 14]/255;
clr.cooked_asparagus_green = [44, 160, 44]/255;
clr.brick_red = [214, 39, 40]/255;
clr.muted_purple = [148, 103, 189]/255;
clr.chestnut_brown = [140, 86, 75]/255;
clr.raspberry_yogurt_pink = [227, 119, 194]/255;
clr.middle_grey = [127, 127, 127]/255;
clr.curry_yellow_green = [188, 189, 34]/255;
clr.blue_teal = [23, 190, 207]/255;

clr.SeqGnBu3 = [ 168, 221, 181 ] / 255;
clr.SeqGreens2 = [ 199, 233, 192 ] / 255;
clr.SeqBuGn4 = [ 102, 194, 164 ] / 255;
clr.SeqBuGn5 = [ 65, 174, 118 ] / 255;
clr.SeqBuGn7 = [ 0, 109, 44 ] / 255;
clr.SeqPuBuGn1 = [ 236, 226, 240 ] / 255;
clr.SeqPuBuGn3 = [ 166, 189, 219 ] / 255;
clr.SeqPuBuGn4 = [ 103, 169, 207 ] / 255;
clr.SeqPuBuGn7 = [ 1, 108, 89 ] / 255;
clr.SeqRdBu5 = [ 247, 247, 247 ] / 255;
clr.SeqRdBu6 = [ 209, 229, 240 ] / 255;

clr.CyclicalPhase6 = [ 95, 127, 228 ] / 255;            % Bland Blue
clr.CyclicalTwilight6 = [ 142, 44, 80 ] / 255;           % Mat purple